3 0.290625 0.365625 0.05859375 0.278125
3 0.340625 0.365625 0.0453125 0.2625
3 0.38125 0.35625 0.04296875 0.234375
2 0.7703125 0.5546875 0.103125 0.1953125
1 0.7703125 0.55625 0.103125 0.2
1 0.7359375 0.3296875 0.05859375 0.2375
3 0.3890625 0.653125 0.046875 0.25
1 0.4515625 0.31875 0.03515625 0.253125
3 0.490625 0.303125 0.04296875 0.278125
3 0.5375 0.30625 0.0390625 0.2625
3 0.575 0.303125 0.0296875 0.26875
3 0.6125 0.2984375 0.040625 0.29375
1 0.65234375 0.628125 0.04296875 0.265625
1 0.6875 0.3296875 0.04296875 0.2625
1 0.65 0.30625 0.03515625 0.26875