3 0.290625 0.634375 0.05859375 0.278125
3 0.340625 0.634375 0.0453125 0.2625
3 0.38125 0.64375 0.04296875 0.234375
2 0.7703125 0.4453125 0.103125 0.1953125
1 0.7703125 0.44375 0.103125 0.2
1 0.7359375 0.6703125 0.05859375 0.2375
3 0.3890625 0.346875 0.046875 0.25
1 0.4515625 0.68125 0.03515625 0.253125
3 0.490625 0.696875 0.04296875 0.278125
3 0.5375 0.69375 0.0390625 0.2625
3 0.575 0.696875 0.0296875 0.26875
3 0.6125 0.7015625 0.040625 0.29375
1 0.65234375 0.371875 0.04296875 0.265625
1 0.6875 0.6703125 0.04296875 0.2625
1 0.65 0.69375 0.03515625 0.26875