3 0.709375 0.365625 0.05859375 0.278125
3 0.659375 0.365625 0.0453125 0.2625
3 0.61875 0.35625 0.04296875 0.234375
2 0.2296875 0.5546875 0.103125 0.1953125
1 0.2296875 0.55625 0.103125 0.2
1 0.2640625 0.3296875 0.05859375 0.2375
3 0.6109375 0.653125 0.046875 0.25
1 0.5484375 0.31875 0.03515625 0.253125
3 0.509375 0.303125 0.04296875 0.278125
3 0.4625 0.30625 0.0390625 0.2625
3 0.425 0.303125 0.0296875 0.26875
3 0.3875 0.2984375 0.040625 0.29375
1 0.34765625 0.628125 0.04296875 0.265625
1 0.3125 0.3296875 0.04296875 0.2625
1 0.35 0.30625 0.03515625 0.26875