1 0.66875 0.534375 0.0484375 0.171875
1 0.67890625 0.3359375 0.0609375 0.171875
1 0.63359375 0.3109375 0.0765625 0.175
1 0.31640625 0.5609375 0.046875 0.184375
1 0.3265625 0.3625 0.0703125 0.1640625
1 0.41796875 0.2890625 0.07421875 0.171875
1 0.3609375 0.309375 0.0625 0.171875
1 0.590625 0.5140625 0.0296875 0.16875
1 0.56328125 0.509375 0.0296875 0.184375
3 0.5421875 0.515625 0.025 0.2109375
3 0.48125 0.496875 0.021875 0.1640625
1 0.4203125 0.5328125 0.03125 0.175
1 0.3921875 0.54375 0.03125 0.1875
1 0.353125 0.55 0.046875 0.203125