1 0.3046875 0.5171875 0.0546875 0.175
1 0.6984375 0.528125 0.05625 0.171875
1 0.62421875 0.5484375 0.0328125 0.1375
1 0.59453125 0.546875 0.0328125 0.1484375
1 0.5765625 0.7 0.04296875 0.1796875
1 0.3796875 0.540625 0.0296875 0.153125
1 0.40625 0.54375 0.02734375 0.1484375
3 0.35234375 0.709375 0.05625 0.175
3 0.39453125 0.7 0.0390625 0.171875
3 0.43046875 0.690625 0.0375 0.1875
3 0.34375 0.521875 0.03515625 0.190625
3 0.4828125 0.5328125 0.02734375 0.175
3 0.51171875 0.5375 0.0234375 0.175
3 0.65 0.703125 0.03515625 0.15625
3 0.6109375 0.70625 0.0390625 0.1640625
3 0.43125 0.51875 0.03515625 0.1953125