1 0.26640625 0.665625 0.071875 0.153125
3 0.6953125 0.634375 0.08203125 0.14375
3 0.640625 0.6859375 0.07421875 0.159375
1 0.29296875 0.5 0.0546875 0.171875
1 0.3390625 0.503125 0.0328125 0.171875
1 0.36796875 0.540625 0.025 0.1125
1 0.39765625 0.534375 0.0328125 0.1328125
3 0.42578125 0.5296875 0.0234375 0.16875
3 0.45625 0.5390625 0.0328125 0.1875
3 0.6078125 0.5328125 0.04296875 0.153125
1 0.58125 0.5609375 0.0296875 0.1375
3 0.53203125 0.721875 0.0328125 0.1875
1 0.56171875 0.6796875 0.0296875 0.09375
1 0.5859375 0.675 0.02734375 0.0859375
3 0.553125 0.55 0.03125 0.1484375
1 0.4921875 0.70625 0.0234375 0.1796875
1 0.4265625 0.7 0.009375 0.1640625
1 0.453125 0.7046875 0.015625 0.153125
1 0.4390625 0.696875 0.0078125 0.153125
1 0.4703125 0.6953125 0.01953125 0.140625