3 0.67890625 0.7265625 0.040625 0.1796875
3 0.64140625 0.71875 0.0296875 0.1640625
3 0.44921875 0.690625 0.02734375 0.1640625
3 0.396875 0.6890625 0.07421875 0.16875
1 0.475 0.6625 0.02734375 0.090625
1 0.33203125 0.6703125 0.0703125 0.153125
1 0.3296875 0.509375 0.05859375 0.1375
1 0.384375 0.5234375 0.046875 0.0703125
1 0.446875 0.5390625 0.02734375 0.0859375
1 0.4765625 0.5453125 0.0390625 0.096875
3 0.6953125 0.5140625 0.03515625 0.190625
3 0.61640625 0.715625 0.025 0.15625
1 0.73046875 0.55625 0.0390625 0.184375
1 0.41875 0.5296875 0.025 0.090625