1 0.6765625 0.63125 0.071875 0.159375
1 0.66015625 0.428125 0.04296875 0.20625
1 0.61875 0.653125 0.0625 0.171875
1 0.5765625 0.65625 0.02734375 0.1640625
1 0.31171875 0.6125 0.06875 0.15625
1 0.3515625 0.4515625 0.0546875 0.175
1 0.396875 0.446875 0.0390625 0.2
1 0.42578125 0.446875 0.01953125 0.2
1 0.446875 0.4515625 0.03125 0.184375
1 0.3625 0.646875 0.0796875 0.184375
1 0.4 0.66875 0.0390625 0.171875
1 0.425 0.659375 0.0328125 0.1640625
1 0.6125 0.440625 0.05625 0.1796875
1 0.56875 0.4390625 0.03125 0.184375