1 0.69140625 0.6234375 0.08984375 0.175
1 0.6578125 0.446875 0.046875 0.16875
1 0.62109375 0.44375 0.02734375 0.215625
1 0.6 0.4546875 0.02734375 0.190625
1 0.5671875 0.45625 0.0375 0.1875
1 0.53828125 0.5125 0.025 0.0859375
1 0.4796875 0.496875 0.0375 0.1640625
3 0.4453125 0.4671875 0.03515625 0.2
3 0.34453125 0.6546875 0.0765625 0.190625
1 0.28984375 0.4546875 0.0484375 0.159375
1 0.3359375 0.44375 0.05078125 0.175
1 0.3703125 0.4546875 0.0296875 0.184375
1 0.384375 0.671875 0.046875 0.1953125
1 0.509375 0.515625 0.02734375 0.0859375
1 0.41875 0.678125 0.0328125 0.190625
1 0.58671875 0.6703125 0.0375 0.190625
0 0.70390625 0.44375 0.0484375 0.14375
1 0.3921875 0.4609375 0.03125 0.1953125