1 0.67890625 0.46875 0.0484375 0.1484375
1 0.62578125 0.4828125 0.040625 0.16875
1 0.58671875 0.478125 0.040625 0.184375
1 0.7265625 0.621875 0.06640625 0.140625
1 0.6796875 0.6625 0.06640625 0.175
1 0.63359375 0.68125 0.0484375 0.20625
1 0.59296875 0.6734375 0.0328125 0.175
1 0.353125 0.4984375 0.0546875 0.184375
3 0.35234375 0.6859375 0.0453125 0.175
1 0.30078125 0.659375 0.06640625 0.1640625
1 0.559375 0.653125 0.040625 0.1484375
1 0.4015625 0.5 0.0375 0.171875
1 0.4125 0.703125 0.0234375 0.2109375
1 0.3875 0.7015625 0.0328125 0.190625
1 0.54609375 0.478125 0.0375 0.159375