1 0.6578125 0.4859375 0.04296875 0.2
1 0.34765625 0.5140625 0.0546875 0.215625
1 0.3484375 0.3 0.071875 0.171875
1 0.40625 0.2890625 0.046875 0.15625
1 0.2921875 0.33125 0.0953125 0.1640625
1 0.38203125 0.4828125 0.040625 0.1375
1 0.57890625 0.45625 0.0375 0.1015625
1 0.60546875 0.45625 0.02734375 0.1015625
1 0.62890625 0.4546875 0.03125 0.096875
3 0.64921875 0.29375 0.0484375 0.1484375
1 0.60859375 0.2953125 0.0375 0.16875
1 0.2953125 0.49375 0.05859375 0.16875
1 0.58125 0.2984375 0.0328125 0.175