1 0.3421875 0.4859375 0.04296875 0.2
1 0.65234375 0.5140625 0.0546875 0.215625
1 0.6515625 0.3 0.071875 0.171875
1 0.59375 0.2890625 0.046875 0.15625
1 0.7078125 0.33125 0.0953125 0.1640625
1 0.61796875 0.4828125 0.040625 0.1375
1 0.42109375 0.45625 0.0375 0.1015625
1 0.39453125 0.45625 0.02734375 0.1015625
1 0.37109375 0.4546875 0.03125 0.096875
3 0.35078125 0.29375 0.0484375 0.1484375
1 0.39140625 0.2953125 0.0375 0.16875
1 0.7046875 0.49375 0.05859375 0.16875
1 0.41875 0.2984375 0.0328125 0.175