1 0.68671875 0.4203125 0.040625 0.175
1 0.64765625 0.475 0.0328125 0.10625
3 0.615625 0.4390625 0.03125 0.184375
1 0.584375 0.4828125 0.0390625 0.096875
3 0.6453125 0.634375 0.05625 0.184375
3 0.32890625 0.446875 0.0453125 0.190625
3 0.28515625 0.440625 0.05078125 0.1875
1 0.69609375 0.6109375 0.0609375 0.184375
0 0.3359375 0.6390625 0.046875 0.175
1 0.3703125 0.665625 0.0453125 0.2
1 0.371875 0.4609375 0.040625 0.1875
1 0.60859375 0.65625 0.0328125 0.2109375
3 0.43359375 0.4609375 0.046875 0.1875
1 0.73359375 0.5640625 0.0484375 0.1375
1 0.240625 0.590625 0.06640625 0.1640625