3 0.690625 0.3140625 0.05625 0.175
3 0.6625 0.4875 0.046875 0.171875
3 0.6203125 0.503125 0.040625 0.1953125
3 0.47578125 0.5375 0.040625 0.190625
3 0.37578125 0.528125 0.0453125 0.171875
3 0.4578125 0.3421875 0.021875 0.175
3 0.3140625 0.3296875 0.05859375 0.184375
1 0.2484375 0.53125 0.05859375 0.171875
1 0.7453125 0.490625 0.05625 0.184375
1 0.3015625 0.484375 0.053125 0.078125
1 0.34296875 0.48125 0.025 0.078125
1 0.36328125 0.328125 0.04296875 0.1953125
1 0.6375 0.3046875 0.040625 0.203125
1 0.69375 0.478125 0.05078125 0.16875
1 0.75 0.334375 0.0625 0.153125