3 0.61328125 0.48125 0.04296875 0.2109375
3 0.65234375 0.7015625 0.0546875 0.175
3 0.6796875 0.4390625 0.05078125 0.26875
3 0.56328125 0.478125 0.0375 0.246875
3 0.5265625 0.4828125 0.0328125 0.221875
3 0.44140625 0.45625 0.03125 0.2109375
3 0.4140625 0.4375 0.03125 0.2109375
3 0.3796875 0.43125 0.040625 0.190625
3 0.34296875 0.434375 0.040625 0.1953125
3 0.3578125 0.659375 0.04296875 0.1796875
3 0.390625 0.684375 0.03515625 0.1953125
1 0.4234375 0.684375 0.03515625 0.1796875
3 0.5859375 0.709375 0.0390625 0.159375
1 0.6125 0.675 0.0296875 0.109375
1 0.46875 0.5171875 0.03125 0.10625
1 0.49375 0.525 0.03515625 0.121875