3 0.365625 0.4984375 0.03515625 0.16875
3 0.33984375 0.696875 0.05859375 0.184375
1 0.2890625 0.5125 0.05078125 0.1796875
3 0.29765625 0.684375 0.05625 0.15625
1 0.6078125 0.7046875 0.0390625 0.2
1 0.6453125 0.6421875 0.0453125 0.08125
1 0.7015625 0.684375 0.0703125 0.1640625
3 0.6203125 0.5078125 0.0296875 0.171875
1 0.69453125 0.509375 0.0484375 0.16875
1 0.38359375 0.684375 0.0328125 0.1796875
3 0.33203125 0.503125 0.046875 0.1875
1 0.41484375 0.6796875 0.0328125 0.171875
3 0.39375 0.5078125 0.021875 0.1640625
1 0.59453125 0.50625 0.025 0.16875
1 0.4203125 0.4921875 0.03125 0.1953125