3 0.6703125 0.2828125 0.02734375 0.159375
3 0.63984375 0.278125 0.0375 0.171875
3 0.6703125 0.4625 0.03515625 0.159375
3 0.640625 0.471875 0.02734375 0.1640625
3 0.6078125 0.4828125 0.03515625 0.215625
3 0.5390625 0.475 0.0390625 0.184375
1 0.60234375 0.30625 0.0328125 0.1375
1 0.56953125 0.30625 0.0328125 0.1375
1 0.57421875 0.45 0.03125 0.1328125
1 0.49921875 0.4546875 0.0328125 0.159375
1 0.4625 0.4546875 0.03515625 0.14375
1 0.425 0.4390625 0.0453125 0.14375
1 0.53984375 0.309375 0.021875 0.1328125
1 0.5125 0.3109375 0.0296875 0.121875
1 0.453125 0.30625 0.0390625 0.14375
1 0.4859375 0.3140625 0.02734375 0.128125