3 0.3296875 0.7171875 0.02734375 0.159375
3 0.36015625 0.721875 0.0375 0.171875
3 0.3296875 0.5375 0.03515625 0.159375
3 0.359375 0.528125 0.02734375 0.1640625
3 0.3921875 0.5171875 0.03515625 0.215625
3 0.4609375 0.525 0.0390625 0.184375
1 0.39765625 0.69375 0.0328125 0.1375
1 0.43046875 0.69375 0.0328125 0.1375
1 0.42578125 0.55 0.03125 0.1328125
1 0.50078125 0.5453125 0.0328125 0.159375
1 0.5375 0.5453125 0.03515625 0.14375
1 0.575 0.5609375 0.0453125 0.14375
1 0.46015625 0.690625 0.021875 0.1328125
1 0.4875 0.6890625 0.0296875 0.121875
1 0.546875 0.69375 0.0390625 0.14375
1 0.5140625 0.6859375 0.02734375 0.128125