3 0.353125 0.484375 0.0390625 0.1875
3 0.234375 0.5171875 0.05859375 0.10625
1 0.33515625 0.6953125 0.05625 0.1953125
1 0.378125 0.6875 0.0328125 0.1796875
1 0.390625 0.4828125 0.03515625 0.175
1 0.70625 0.496875 0.040625 0.171875
1 0.66875 0.5125 0.0328125 0.125
1 0.634375 0.4984375 0.03515625 0.1375
3 0.7359375 0.6640625 0.1015625 0.1484375
1 0.665625 0.675 0.0390625 0.1328125
1 0.63125 0.6703125 0.03125 0.14375
1 0.596875 0.6796875 0.0296875 0.1875
1 0.409375 0.6890625 0.0328125 0.184375
1 0.515625 0.490625 0.03515625 0.096875
1 0.565625 0.6640625 0.0328125 0.1640625