3 0.57421875 0.315625 0.0390625 0.1796875
3 0.4203125 0.3140625 0.03515625 0.190625
3 0.6625 0.4859375 0.05078125 0.175
3 0.62421875 0.49375 0.0375 0.159375
3 0.5890625 0.4875 0.0375 0.1171875
3 0.5359375 0.5140625 0.025 0.175
3 0.4171875 0.5140625 0.0296875 0.153125
3 0.44609375 0.5078125 0.025 0.125
3 0.47578125 0.50625 0.0328125 0.14375
3 0.359375 0.5078125 0.03515625 0.1640625
3 0.38984375 0.509375 0.025 0.16875
1 0.3890625 0.340625 0.0234375 0.109375
1 0.365625 0.3421875 0.0234375 0.096875
1 0.33203125 0.3421875 0.03515625 0.08125
1 0.2734375 0.334375 0.08203125 0.153125
2 0.27421875 0.33125 0.0765625 0.140625
1 0.71015625 0.4625 0.0484375 0.159375