3 0.42578125 0.315625 0.0390625 0.1796875
3 0.5796875 0.3140625 0.03515625 0.190625
3 0.3375 0.4859375 0.05078125 0.175
3 0.37578125 0.49375 0.0375 0.159375
3 0.4109375 0.4875 0.0375 0.1171875
3 0.4640625 0.5140625 0.025 0.175
3 0.5828125 0.5140625 0.0296875 0.153125
3 0.55390625 0.5078125 0.025 0.125
3 0.52421875 0.50625 0.0328125 0.14375
3 0.640625 0.5078125 0.03515625 0.1640625
3 0.61015625 0.509375 0.025 0.16875
1 0.6109375 0.340625 0.0234375 0.109375
1 0.634375 0.3421875 0.0234375 0.096875
1 0.66796875 0.3421875 0.03515625 0.08125
1 0.7265625 0.334375 0.08203125 0.153125
2 0.72578125 0.33125 0.0765625 0.140625
1 0.28984375 0.4625 0.0484375 0.159375