3 0.2921875 0.38125 0.0609375 0.159375
3 0.67890625 0.61875 0.0484375 0.23125
1 0.7140625 0.415625 0.06875 0.175
1 0.6734375 0.378125 0.0625 0.1796875
1 0.63125 0.35625 0.04296875 0.140625
3 0.346875 0.359375 0.071875 0.171875
1 0.39453125 0.3515625 0.0390625 0.15625
1 0.63984375 0.540625 0.0375 0.175
1 0.6046875 0.5375 0.0328125 0.184375
1 0.31171875 0.5640625 0.0484375 0.16875
1 0.3859375 0.53125 0.0375 0.1640625
1 0.35 0.534375 0.04296875 0.15625
1 0.60625 0.340625 0.0375 0.15625
1 0.43125 0.5296875 0.02734375 0.246875