3 0.634375 0.425 0.02734375 0.21875
3 0.60625 0.4234375 0.0296875 0.221875
3 0.5796875 0.428125 0.0234375 0.20625
3 0.51484375 0.4125 0.025 0.215625
3 0.4765625 0.4140625 0.0234375 0.203125
3 0.4328125 0.4203125 0.0296875 0.215625
3 0.40625 0.415625 0.03125 0.20625
3 0.38359375 0.4078125 0.0375 0.221875
3 0.62890625 0.646875 0.05859375 0.16875
1 0.67578125 0.63125 0.0625 0.159375
1 0.37421875 0.6375 0.0609375 0.171875
1 0.6671875 0.478125 0.0375 0.1125
1 0.55859375 0.48125 0.01953125 0.09375
1 0.53828125 0.48125 0.025 0.0859375
1 0.49609375 0.4828125 0.015625 0.08125
1 0.4546875 0.475 0.0234375 0.08125
1 0.35078125 0.46875 0.0328125 0.09375