3 0.634375 0.575 0.02734375 0.21875
3 0.60625 0.5765625 0.0296875 0.221875
3 0.5796875 0.571875 0.0234375 0.20625
3 0.51484375 0.5875 0.025 0.215625
3 0.4765625 0.5859375 0.0234375 0.203125
3 0.4328125 0.5796875 0.0296875 0.215625
3 0.40625 0.584375 0.03125 0.20625
3 0.38359375 0.5921875 0.0375 0.221875
3 0.62890625 0.353125 0.05859375 0.16875
1 0.67578125 0.36875 0.0625 0.159375
1 0.37421875 0.3625 0.0609375 0.171875
1 0.6671875 0.521875 0.0375 0.1125
1 0.55859375 0.51875 0.01953125 0.09375
1 0.53828125 0.51875 0.025 0.0859375
1 0.49609375 0.5171875 0.015625 0.08125
1 0.4546875 0.525 0.0234375 0.08125
1 0.35078125 0.53125 0.0328125 0.09375