3 0.56875 0.5328125 0.03125 0.20625
1 0.459375 0.5375 0.03515625 0.215625
1 0.42109375 0.559375 0.0453125 0.21875
1 0.2796875 0.371875 0.0625 0.1640625
1 0.33515625 0.35 0.06875 0.2
1 0.2578125 0.56875 0.0546875 0.175
3 0.4875 0.3046875 0.0296875 0.1875
1 0.496875 0.534375 0.0375 0.2265625
1 0.534375 0.5453125 0.0375 0.215625
1 0.60234375 0.53125 0.040625 0.21875
3 0.61328125 0.3109375 0.04296875 0.190625
1 0.684375 0.3375 0.06875 0.190625
1 0.703125 0.5484375 0.0546875 0.175
1 0.75390625 0.55625 0.0546875 0.175
1 0.7421875 0.3609375 0.078125 0.16875
0 0.3546875 0.559375 0.0375 0.1640625
0 0.2796875 0.375 0.0625 0.1640625
1 0.38671875 0.3375 0.04296875 0.175
0 0.7421875 0.3609375 0.07421875 0.16875
0 0.45703125 0.3203125 0.05078125 0.171875