3 0.621875 0.575 0.0296875 0.1875
3 0.5953125 0.5609375 0.0234375 0.190625
3 0.57421875 0.5453125 0.0234375 0.190625
3 0.55 0.75625 0.025 0.14375
3 0.50625 0.7375 0.0234375 0.15625
3 0.4796875 0.7421875 0.025 0.140625
3 0.4828125 0.5125 0.02734375 0.1953125
3 0.45625 0.5296875 0.0296875 0.20625
3 0.4265625 0.525 0.0375 0.23125
1 0.39140625 0.5921875 0.06875 0.16875
1 0.546875 0.56875 0.02734375 0.08125
1 0.5234375 0.5640625 0.0234375 0.096875
3 0.459375 0.76875 0.0234375 0.1015625
1 0.50078125 0.5625 0.025 0.109375