3 0.378125 0.425 0.0296875 0.1875
3 0.4046875 0.4390625 0.0234375 0.190625
3 0.42578125 0.4546875 0.0234375 0.190625
3 0.45 0.24375 0.025 0.14375
3 0.49375 0.2625 0.0234375 0.15625
3 0.5203125 0.2578125 0.025 0.140625
3 0.5171875 0.4875 0.02734375 0.1953125
3 0.54375 0.4703125 0.0296875 0.20625
3 0.5734375 0.475 0.0375 0.23125
1 0.60859375 0.4078125 0.06875 0.16875
1 0.453125 0.43125 0.02734375 0.08125
1 0.4765625 0.4359375 0.0234375 0.096875
3 0.540625 0.2328125 0.0234375 0.10625
1 0.49921875 0.4375 0.025 0.109375