3 0.478125 0.515625 0.03515625 0.2109375
3 0.51484375 0.521875 0.0296875 0.184375
1 0.33671875 0.5125 0.0609375 0.1875
1 0.446875 0.5171875 0.03125 0.190625
1 0.2765625 0.6625 0.084375 0.16875
1 0.54765625 0.515625 0.0328125 0.1796875
1 0.359375 0.709375 0.03515625 0.184375
1 0.61796875 0.7171875 0.0375 0.190625
1 0.58515625 0.721875 0.0296875 0.1796875
1 0.70234375 0.671875 0.071875 0.15625
1 0.709375 0.503125 0.04296875 0.1484375
1 0.28984375 0.4859375 0.0375 0.16875
1 0.66328125 0.5140625 0.0484375 0.159375