1 0.23046875 0.4625 0.0859375 0.253125
1 0.25078125 0.728125 0.0484375 0.221875
1 0.60078125 0.446875 0.0296875 0.20625
1 0.62109375 0.703125 0.04296875 0.2421875
1 0.6953125 0.4203125 0.0703125 0.253125
1 0.7546875 0.46875 0.071875 0.21875
1 0.74921875 0.7109375 0.05625 0.2109375
1 0.7015625 0.703125 0.046875 0.234375
1 0.65703125 0.703125 0.040625 0.2421875
1 0.6390625 0.4078125 0.03515625 0.2625
1 0.2953125 0.70625 0.04296875 0.2265625
1 0.29296875 0.428125 0.078125 0.2625
1 0.34765625 0.4046875 0.04296875 0.29375
1 0.38671875 0.459375 0.02734375 0.2
1 0.3359375 0.7125 0.03515625 0.2375
1 0.3703125 0.7046875 0.0328125 0.246875