3 0.390625 0.6703125 0.05078125 0.190625
1 0.340625 0.65625 0.084375 0.1875
1 0.38359375 0.471875 0.0296875 0.1796875
1 0.6984375 0.63125 0.0796875 0.184375
1 0.65 0.659375 0.08203125 0.203125
1 0.69375 0.4515625 0.0546875 0.153125
1 0.6515625 0.4609375 0.053125 0.171875
1 0.615625 0.46875 0.02734375 0.1796875
1 0.34453125 0.45 0.0484375 0.1875
1 0.60234375 0.68125 0.0484375 0.190625
1 0.590625 0.4765625 0.025 0.1640625
1 0.4109375 0.4765625 0.0296875 0.1875
1 0.3015625 0.6265625 0.0640625 0.184375