3 0.275 0.44375 0.0546875 0.23125
3 0.675 0.45 0.05625 0.2734375
1 0.321875 0.446875 0.046875 0.253125
1 0.365625 0.45 0.02734375 0.2578125
1 0.39375 0.4515625 0.0328125 0.2625
1 0.728125 0.4515625 0.0546875 0.2625
1 0.6625 0.7484375 0.03125 0.2625
1 0.628125 0.74375 0.0328125 0.2375
1 0.703125 0.73125 0.05859375 0.25
1 0.75078125 0.71875 0.05625 0.234375
1 0.36796875 0.740625 0.0375 0.253125
1 0.3296875 0.746875 0.04296875 0.2734375
1 0.296875 0.728125 0.046875 0.2625
1 0.25078125 0.70625 0.053125 0.2421875
1 0.62890625 0.4609375 0.03515625 0.2421875
1 0.5953125 0.4515625 0.03515625 0.29375