3 0.725 0.55625 0.0546875 0.23125
3 0.325 0.55 0.05625 0.2734375
1 0.678125 0.553125 0.046875 0.253125
1 0.634375 0.55 0.02734375 0.2578125
1 0.60625 0.5484375 0.0328125 0.2625
1 0.271875 0.5484375 0.0546875 0.2625
1 0.3375 0.2515625 0.03125 0.2625
1 0.371875 0.25625 0.0328125 0.2375
1 0.296875 0.26875 0.05859375 0.25
1 0.24921875 0.28125 0.05625 0.234375
1 0.63203125 0.259375 0.0375 0.253125
1 0.6703125 0.253125 0.04296875 0.2734375
1 0.703125 0.271875 0.046875 0.2625
1 0.74921875 0.29375 0.053125 0.2421875
1 0.37109375 0.5390625 0.03515625 0.2421875
1 0.4046875 0.5484375 0.03515625 0.29375