3 0.6328125 0.715625 0.0390625 0.171875
3 0.67265625 0.71875 0.0453125 0.1796875
1 0.72578125 0.66875 0.084375 0.1640625
1 0.3296875 0.7 0.0703125 0.1796875
3 0.3265625 0.490625 0.046875 0.184375
1 0.28125 0.496875 0.05078125 0.1796875
1 0.359375 0.534375 0.02734375 0.1015625
1 0.38671875 0.496875 0.02734375 0.1953125
3 0.61875 0.5171875 0.03125 0.184375
1 0.6921875 0.5140625 0.0453125 0.16875
3 0.5328125 0.50625 0.0234375 0.175
1 0.375 0.7171875 0.03125 0.2
1 0.5890625 0.5234375 0.0296875 0.1640625
1 0.41484375 0.4984375 0.0328125 0.190625