3 0.3671875 0.715625 0.0390625 0.171875
3 0.32734375 0.71875 0.0453125 0.1796875
1 0.27421875 0.66875 0.084375 0.1640625
1 0.6703125 0.7 0.0703125 0.1796875
3 0.6734375 0.490625 0.046875 0.184375
1 0.71875 0.496875 0.05078125 0.1796875
1 0.640625 0.534375 0.02734375 0.1015625
1 0.61328125 0.496875 0.02734375 0.1953125
3 0.38125 0.5171875 0.03125 0.184375
1 0.3078125 0.5140625 0.0453125 0.16875
3 0.4671875 0.50625 0.0234375 0.175
1 0.625 0.7171875 0.03125 0.2
1 0.4109375 0.5234375 0.0296875 0.1640625
1 0.58515625 0.4984375 0.0328125 0.190625