3 0.44921875 0.5 0.02734375 0.171875
3 0.53828125 0.496875 0.025 0.15625
1 0.2796875 0.6171875 0.05859375 0.140625
1 0.321875 0.646875 0.0703125 0.14375
1 0.3671875 0.675 0.08203125 0.1640625
1 0.6203125 0.50625 0.0375 0.159375
1 0.65625 0.5140625 0.0390625 0.153125
1 0.69375 0.49375 0.04296875 0.159375
1 0.40546875 0.50625 0.0296875 0.159375
1 0.3765625 0.509375 0.03515625 0.159375
1 0.3390625 0.490625 0.0453125 0.159375
1 0.42578125 0.675 0.03125 0.1640625
1 0.6203125 0.7 0.0375 0.1796875
1 0.296875 0.48125 0.04296875 0.1484375