1 0.33203125 0.36875 0.0703125 0.175
1 0.36015625 0.540625 0.0453125 0.184375
1 0.7140625 0.3765625 0.0953125 0.16875
1 0.665625 0.3453125 0.078125 0.175
1 0.615625 0.35 0.04296875 0.16875
1 0.37890625 0.3734375 0.046875 0.159375
3 0.6828125 0.54375 0.053125 0.1875
3 0.64140625 0.53125 0.0484375 0.1796875
3 0.53515625 0.503125 0.0234375 0.2109375
1 0.4109375 0.35625 0.0484375 0.2265625
1 0.58203125 0.3359375 0.0390625 0.1953125
1 0.57890625 0.509375 0.040625 0.153125
1 0.46875 0.515625 0.03125 0.21875