3 0.30625 0.515625 0.05078125 0.2734375
3 0.35 0.5234375 0.03515625 0.2578125
3 0.39765625 0.7375 0.0296875 0.1640625
3 0.4109375 0.5328125 0.040625 0.2375
3 0.69453125 0.5296875 0.0375 0.278125
3 0.6546875 0.5234375 0.04296875 0.265625
3 0.6046875 0.51875 0.040625 0.25
3 0.6015625 0.734375 0.02734375 0.171875
1 0.378125 0.5859375 0.0296875 0.125
1 0.4453125 0.596875 0.03125 0.1484375
3 0.4859375 0.521875 0.046875 0.29375
3 0.540625 0.51875 0.0625 0.28125
1 0.5734375 0.590625 0.0375 0.140625
1 0.7265625 0.5859375 0.05078125 0.15625