1 0.30625 0.3890625 0.078125 0.14375
1 0.63359375 0.5609375 0.053125 0.184375
1 0.5609375 0.565625 0.03515625 0.21875
1 0.4265625 0.5765625 0.0296875 0.23125
1 0.39765625 0.521875 0.025 0.096875
1 0.3734375 0.5328125 0.0234375 0.10625
1 0.35546875 0.3453125 0.06640625 0.184375
1 0.4 0.340625 0.03125 0.1875
1 0.67578125 0.359375 0.0859375 0.171875
3 0.596875 0.328125 0.0375 0.1875
3 0.33515625 0.5765625 0.05625 0.184375
1 0.5828125 0.53125 0.0171875 0.1171875
1 0.5984375 0.51875 0.0171875 0.1015625