3 0.71171875 0.6546875 0.0609375 0.20625
3 0.59453125 0.5171875 0.0375 0.190625
3 0.490625 0.5390625 0.02734375 0.15625
3 0.41796875 0.525 0.03515625 0.175
2 0.2421875 0.69375 0.078125 0.1125
2 0.7546875 0.7015625 0.0609375 0.1125
1 0.6671875 0.6734375 0.0765625 0.175
1 0.6578125 0.5078125 0.04296875 0.15625
1 0.7 0.4875 0.0453125 0.1328125
1 0.625 0.5140625 0.03125 0.16875
1 0.46484375 0.5375 0.02734375 0.153125
1 0.44453125 0.5296875 0.021875 0.159375
1 0.3375 0.690625 0.08203125 0.171875
1 0.41484375 0.703125 0.0328125 0.15625
1 0.325 0.515625 0.0484375 0.15625
1 0.3828125 0.53125 0.03125 0.15625
1 0.60078125 0.690625 0.0328125 0.171875