3 0.28828125 0.3453125 0.0609375 0.20625
3 0.40546875 0.4828125 0.0375 0.190625
3 0.509375 0.4609375 0.02734375 0.15625
3 0.58203125 0.475 0.03515625 0.175
2 0.7578125 0.30625 0.078125 0.1125
2 0.2453125 0.2984375 0.0609375 0.1125
1 0.3328125 0.3265625 0.0765625 0.175
1 0.3421875 0.49375 0.04296875 0.159375
1 0.3 0.5125 0.0453125 0.1328125
1 0.375 0.4859375 0.03125 0.16875
1 0.53515625 0.4625 0.02734375 0.153125
1 0.55546875 0.4703125 0.021875 0.159375
1 0.6625 0.309375 0.08203125 0.171875
1 0.58515625 0.296875 0.0328125 0.15625
1 0.675 0.484375 0.0484375 0.15625
1 0.6171875 0.46875 0.03125 0.15625
1 0.39921875 0.309375 0.0328125 0.171875