1 0.346875 0.540625 0.0296875 0.190625
1 0.721875 0.38125 0.053125 0.1375
1 0.6734375 0.353125 0.0546875 0.1375
1 0.60234375 0.340625 0.0375 0.1796875
1 0.6359375 0.3734375 0.025 0.1125
3 0.38984375 0.3375 0.0296875 0.159375
1 0.36015625 0.3515625 0.0328125 0.1484375
3 0.31171875 0.5453125 0.0453125 0.190625
1 0.33125 0.3984375 0.0328125 0.0703125
0 0.71484375 0.528125 0.02734375 0.1015625
0 0.68671875 0.528125 0.0296875 0.09375
0 0.42890625 0.55625 0.025 0.153125
0 0.4 0.5390625 0.02734375 0.1640625
1 0.4 0.5375 0.02734375 0.16875
1 0.3734375 0.5 0.02734375 0.109375
1 0.284375 0.39375 0.05625 0.1328125