3 0.3 0.403125 0.0640625 0.15625
3 0.7046875 0.5875 0.0625 0.2
3 0.659375 0.59375 0.06875 0.2109375
3 0.603125 0.59375 0.0625 0.1875
3 0.38203125 0.590625 0.0453125 0.21875
3 0.35546875 0.590625 0.02734375 0.21875
3 0.290625 0.5796875 0.046875 0.184375
3 0.59453125 0.375 0.0375 0.2109375
1 0.70390625 0.3765625 0.071875 0.215625
1 0.6421875 0.378125 0.06640625 0.203125
1 0.3703125 0.371875 0.0375 0.203125
1 0.5609375 0.446875 0.03125 0.065625
1 0.32734375 0.5640625 0.025 0.159375
1 0.5671875 0.6078125 0.0328125 0.215625