1 0.66328125 0.375 0.05625 0.171875
1 0.384375 0.39375 0.0859375 0.171875
3 0.421875 0.384375 0.046875 0.184375
3 0.46015625 0.371875 0.0375 0.1875
3 0.478125 0.5875 0.0234375 0.2
3 0.6015625 0.5484375 0.02734375 0.14375
3 0.625 0.5609375 0.02734375 0.14375
1 0.6296875 0.3609375 0.0453125 0.175
1 0.68671875 0.571875 0.0328125 0.184375
1 0.6546875 0.565625 0.03515625 0.1640625
1 0.30390625 0.596875 0.0484375 0.1484375
1 0.453125 0.5609375 0.01953125 0.159375
1 0.3390625 0.5921875 0.0328125 0.175
0 0.384375 0.6 0.0546875 0.190625
1 0.43046875 0.55625 0.025 0.1375