1 0.66328125 0.625 0.05625 0.171875
1 0.384375 0.60625 0.0859375 0.171875
3 0.421875 0.615625 0.046875 0.184375
3 0.46015625 0.628125 0.0375 0.1875
3 0.478125 0.4125 0.0234375 0.2
3 0.6015625 0.4515625 0.02734375 0.14375
3 0.625 0.4390625 0.02734375 0.14375
1 0.6296875 0.6390625 0.0453125 0.175
1 0.68671875 0.428125 0.0328125 0.184375
1 0.6546875 0.434375 0.03515625 0.1640625
1 0.30390625 0.403125 0.0484375 0.1484375
1 0.453125 0.4390625 0.01953125 0.159375
1 0.3390625 0.4078125 0.0328125 0.175
0 0.384375 0.4 0.0546875 0.190625
1 0.43046875 0.44375 0.025 0.1375