1 0.284375 0.375 0.06875 0.15625
1 0.3328125 0.3671875 0.0375 0.140625
1 0.36640625 0.3734375 0.040625 0.1375
1 0.4 0.365625 0.03515625 0.159375
1 0.7578125 0.353125 0.0703125 0.1375
1 0.7046875 0.365625 0.0390625 0.075
1 0.6671875 0.3578125 0.0375 0.065625
1 0.75390625 0.5078125 0.0546875 0.1328125
1 0.4703125 0.540625 0.04296875 0.16875
3 0.69453125 0.5 0.05625 0.1484375
3 0.65234375 0.5171875 0.0390625 0.153125
3 0.615625 0.5296875 0.04296875 0.14375
3 0.36796875 0.55 0.0375 0.171875
3 0.3375 0.5390625 0.02734375 0.1484375
3 0.6296875 0.321875 0.040625 0.153125