3 0.4234375 0.440625 0.0390625 0.21875
3 0.28515625 0.490625 0.05078125 0.159375
3 0.30390625 0.6875 0.0640625 0.1875
1 0.50390625 0.653125 0.03515625 0.1875
1 0.52421875 0.65 0.021875 0.2
1 0.54375 0.6625 0.025 0.215625
1 0.575 0.6859375 0.0375 0.246875
3 0.60234375 0.709375 0.025 0.184375
3 0.63359375 0.7046875 0.0296875 0.184375
3 0.67265625 0.7125 0.0453125 0.184375
1 0.35859375 0.7046875 0.05625 0.184375
3 0.40546875 0.696875 0.040625 0.184375
3 0.4421875 0.69375 0.0375 0.20625
3 0.33515625 0.48125 0.0484375 0.1875
3 0.36640625 0.4765625 0.0453125 0.1953125
3 0.39921875 0.471875 0.040625 0.1953125
1 0.4609375 0.4859375 0.03125 0.1125
1 0.48828125 0.48125 0.02734375 0.1171875
1 0.51953125 0.4765625 0.03515625 0.1171875
3 0.5515625 0.440625 0.0328125 0.1796875
3 0.6109375 0.4671875 0.0390625 0.190625
3 0.6484375 0.4625 0.03515625 0.2
1 0.6796875 0.4625 0.04296875 0.190625