3 0.5765625 0.559375 0.0390625 0.21875
3 0.71484375 0.509375 0.05078125 0.159375
3 0.69609375 0.3125 0.0640625 0.1875
1 0.49609375 0.346875 0.03515625 0.1875
1 0.47578125 0.35 0.021875 0.2
1 0.45625 0.3375 0.025 0.215625
1 0.425 0.3140625 0.0375 0.246875
3 0.39765625 0.290625 0.025 0.184375
3 0.36640625 0.2953125 0.0296875 0.184375
3 0.32734375 0.2875 0.0453125 0.184375
1 0.64140625 0.2953125 0.05625 0.184375
3 0.59453125 0.303125 0.040625 0.184375
3 0.5578125 0.30625 0.0375 0.20625
3 0.66484375 0.51875 0.0484375 0.1875
3 0.63359375 0.5234375 0.0453125 0.1953125
3 0.60078125 0.528125 0.040625 0.1953125
1 0.5390625 0.5140625 0.03125 0.1125
1 0.51171875 0.51875 0.02734375 0.1171875
1 0.48046875 0.5234375 0.03515625 0.1171875
3 0.4484375 0.559375 0.0328125 0.1796875
3 0.3890625 0.5328125 0.0390625 0.190625
3 0.3515625 0.5375 0.03515625 0.2
1 0.3203125 0.5375 0.04296875 0.190625