3 0.44921875 0.5765625 0.03125 0.278125
3 0.39375 0.590625 0.0453125 0.25
3 0.58671875 0.6015625 0.040625 0.2734375
3 0.5171875 0.58125 0.04296875 0.296875
1 0.3359375 0.5921875 0.05078125 0.175
1 0.296875 0.63125 0.05078125 0.16875
1 0.2734375 0.46875 0.07421875 0.1640625
1 0.3234375 0.4140625 0.0765625 0.171875
1 0.3625 0.384375 0.053125 0.16875
1 0.69453125 0.6484375 0.0640625 0.1640625
1 0.6546875 0.6234375 0.0546875 0.190625
1 0.62109375 0.603125 0.0390625 0.2
1 0.70703125 0.4859375 0.0859375 0.16875
1 0.6578125 0.4375 0.08203125 0.171875
1 0.6125 0.4078125 0.053125 0.159375
1 0.57890625 0.3671875 0.053125 0.1640625
1 0.5484375 0.346875 0.0546875 0.15625
1 0.5109375 0.3453125 0.0296875 0.1375
1 0.48515625 0.35 0.025 0.121875
1 0.46171875 0.346875 0.0296875 0.1328125
1 0.4234375 0.34375 0.046875 0.171875
1 0.39140625 0.35625 0.0484375 0.1796875
1 0.553125 0.525 0.03125 0.14375
1 0.4796875 0.515625 0.0375 0.15625
1 0.4171875 0.50625 0.0328125 0.128125
1 0.3671875 0.53125 0.0390625 0.109375