1 0.7421875 0.2796875 0.05859375 0.284375
1 0.6765625 0.28125 0.0453125 0.296875
1 0.39375 0.31875 0.0328125 0.221875
1 0.36015625 0.296875 0.0453125 0.28125
1 0.28125 0.3 0.0546875 0.234375
1 0.284375 0.603125 0.0765625 0.26875
1 0.33984375 0.6109375 0.07421875 0.26875
1 0.4 0.6375 0.06640625 0.2578125
1 0.68828125 0.59375 0.0765625 0.2421875
1 0.7390625 0.584375 0.06875 0.246875
1 0.79609375 0.5484375 0.0875 0.2375
1 0.6125 0.6265625 0.0453125 0.2625
1 0.2328125 0.56875 0.0703125 0.221875
3 0.6453125 0.628125 0.040625 0.265625
0 0.425 0.30625 0.040625 0.2625