0 0.725 0.6 0.07421875 0.128125
0 0.65625 0.628125 0.0234375 0.140625
0 0.62890625 0.634375 0.03125 0.128125
0 0.5984375 0.653125 0.0296875 0.125
0 0.5484375 0.6703125 0.03515625 0.190625
0 0.5734375 0.659375 0.025 0.171875
0 0.4296875 0.465625 0.02734375 0.15625
0 0.39453125 0.64375 0.03125 0.0859375
0 0.35078125 0.590625 0.0296875 0.09375
0 0.26640625 0.559375 0.0375 0.1171875
0 0.440625 0.68125 0.0328125 0.153125
0 0.56328125 0.46875 0.0375 0.1953125
0 0.5078125 0.64375 0.0234375 0.15625
0 0.4875 0.64375 0.025 0.1484375
0 0.52421875 0.65625 0.0140625 0.0859375
0 0.5109375 0.490625 0.0171875 0.096875
0 0.375 0.6125 0.02734375 0.0859375
0 0.47734375 0.490625 0.025 0.10625
0 0.53203125 0.4921875 0.021875 0.09375