3 0.3078125 0.3046875 0.040625 0.2109375
1 0.22734375 0.31875 0.0453125 0.190625
1 0.2671875 0.309375 0.046875 0.21875
1 0.271875 0.55 0.0625 0.2265625
1 0.78984375 0.503125 0.084375 0.2109375
1 0.75 0.30625 0.0390625 0.215625
3 0.69609375 0.315625 0.0484375 0.2421875
1 0.66328125 0.3 0.0296875 0.265625
1 0.6265625 0.3046875 0.04296875 0.25
1 0.64140625 0.5765625 0.0375 0.246875
1 0.37421875 0.3109375 0.0328125 0.215625
1 0.40703125 0.296875 0.0375 0.21875
1 0.3578125 0.565625 0.0390625 0.265625
1 0.38984375 0.575 0.040625 0.2734375
1 0.609375 0.5640625 0.03515625 0.246875
3 0.440625 0.2625 0.0328125 0.296875
3 0.42578125 0.584375 0.0390625 0.29375