3 0.6921875 0.3046875 0.040625 0.2109375
1 0.77265625 0.31875 0.0453125 0.190625
1 0.7328125 0.309375 0.046875 0.21875
1 0.728125 0.55 0.0625 0.2265625
1 0.21015625 0.503125 0.084375 0.2109375
1 0.25 0.30625 0.0390625 0.215625
3 0.30390625 0.315625 0.0484375 0.2421875
1 0.33671875 0.3 0.0296875 0.265625
1 0.3734375 0.3046875 0.04296875 0.25
1 0.35859375 0.5765625 0.0375 0.246875
1 0.62578125 0.3109375 0.0328125 0.215625
1 0.59296875 0.296875 0.0375 0.21875
1 0.6421875 0.565625 0.0390625 0.265625
1 0.61015625 0.575 0.040625 0.2734375
1 0.390625 0.5640625 0.03515625 0.246875
3 0.559375 0.2625 0.0328125 0.296875
3 0.57421875 0.584375 0.0390625 0.29375