3 0.66015625 0.3203125 0.0703125 0.171875
1 0.309375 0.3828125 0.0921875 0.15625
3 0.3890625 0.58125 0.02734375 0.203125
3 0.61875 0.5453125 0.0390625 0.184375
3 0.59375 0.534375 0.02734375 0.1640625
3 0.70390625 0.540625 0.0640625 0.184375
3 0.4125 0.3359375 0.03515625 0.171875
1 0.37421875 0.3734375 0.0453125 0.075
1 0.653125 0.5125 0.0453125 0.0859375
1 0.41796875 0.55625 0.03125 0.1375
1 0.61328125 0.321875 0.03125 0.175
1 0.58671875 0.309375 0.025 0.1640625
1 0.4453125 0.565625 0.0234375 0.171875
1 0.56875 0.525 0.02734375 0.175