3 0.46015625 0.5953125 0.040625 0.20625
1 0.49375 0.553125 0.02734375 0.121875
3 0.64453125 0.540625 0.078125 0.175
1 0.5453125 0.4 0.0390625 0.14375
1 0.3015625 0.5015625 0.040625 0.175
1 0.3375 0.5078125 0.04296875 0.1640625
1 0.36640625 0.521875 0.0375 0.175
3 0.390625 0.5453125 0.03515625 0.184375
1 0.41484375 0.5609375 0.0328125 0.175
1 0.4390625 0.5796875 0.03125 0.175
1 0.55 0.53125 0.0375 0.109375
1 0.59765625 0.55625 0.05859375 0.159375
3 0.51875 0.5796875 0.025 0.184375
3 0.3125 0.325 0.04296875 0.1484375
0 0.65625 0.35625 0.05859375 0.125
1 0.278125 0.3734375 0.053125 0.1375
0 0.38203125 0.3375 0.0328125 0.1375