3 0.53984375 0.4046875 0.040625 0.20625
1 0.50625 0.446875 0.02734375 0.121875
3 0.35546875 0.459375 0.078125 0.175
1 0.4546875 0.6 0.0390625 0.14375
1 0.6984375 0.4984375 0.040625 0.175
1 0.6625 0.4921875 0.04296875 0.1640625
1 0.63359375 0.478125 0.0375 0.175
3 0.609375 0.4546875 0.03515625 0.184375
1 0.58515625 0.4390625 0.0328125 0.175
1 0.5609375 0.4203125 0.03125 0.175
1 0.45 0.46875 0.0375 0.109375
1 0.40234375 0.44375 0.05859375 0.159375
3 0.48125 0.4203125 0.025 0.184375
3 0.6875 0.678125 0.04296875 0.153125
0 0.34375 0.64375 0.05859375 0.125
1 0.721875 0.6265625 0.053125 0.1375
0 0.61796875 0.6625 0.0328125 0.1375