1 0.7 0.6421875 0.0640625 0.175
1 0.67265625 0.4609375 0.0328125 0.1875
3 0.6453125 0.6734375 0.053125 0.20625
1 0.60546875 0.6859375 0.03515625 0.215625
1 0.3421875 0.4390625 0.05859375 0.215625
1 0.34375 0.671875 0.078125 0.2109375
3 0.2953125 0.4203125 0.05078125 0.20625
1 0.39140625 0.6875 0.0453125 0.234375
1 0.7078125 0.440625 0.040625 0.2109375
1 0.24375 0.5703125 0.08203125 0.1796875
1 0.28828125 0.646875 0.084375 0.215625
1 0.6390625 0.4671875 0.03125 0.184375
1 0.5734375 0.6875 0.0375 0.2109375
1 0.6109375 0.4703125 0.02734375 0.2