1 0.709375 0.465625 0.0546875 0.1484375
1 0.659375 0.478125 0.05625 0.175
1 0.5796875 0.515625 0.04296875 0.1875
1 0.6140625 0.496875 0.0328125 0.171875
1 0.5953125 0.3125 0.03125 0.1796875
3 0.63203125 0.3 0.0375 0.171875
1 0.6609375 0.3375 0.025 0.075
1 0.703125 0.3125 0.06640625 0.140625
1 0.315625 0.4765625 0.0609375 0.15625
1 0.321875 0.3421875 0.03515625 0.08125
1 0.4015625 0.525 0.0328125 0.20625
1 0.5125 0.5140625 0.040625 0.175
1 0.46796875 0.5140625 0.040625 0.159375
3 0.35625 0.309375 0.0328125 0.1875
1 0.3890625 0.321875 0.03125 0.175
1 0.421875 0.30625 0.04296875 0.20625
1 0.35625 0.4609375 0.025 0.078125
1 0.3765625 0.46875 0.01953125 0.0859375
1 0.434375 0.521875 0.0296875 0.190625