1 0.709375 0.534375 0.0546875 0.1484375
1 0.659375 0.521875 0.05625 0.175
1 0.5796875 0.484375 0.04296875 0.1875
1 0.6140625 0.503125 0.0328125 0.171875
1 0.5953125 0.6875 0.03125 0.1796875
3 0.63203125 0.7 0.0375 0.171875
1 0.6609375 0.6625 0.025 0.075
1 0.703125 0.6875 0.06640625 0.140625
1 0.315625 0.5234375 0.0609375 0.15625
1 0.321875 0.6578125 0.03515625 0.08125
1 0.4015625 0.475 0.0328125 0.20625
1 0.5125 0.4859375 0.040625 0.175
1 0.46796875 0.4859375 0.040625 0.159375
3 0.35625 0.690625 0.0328125 0.1875
1 0.3890625 0.678125 0.03125 0.175
1 0.421875 0.69375 0.04296875 0.20625
1 0.35625 0.5390625 0.025 0.078125
1 0.3765625 0.53125 0.01953125 0.0859375
1 0.434375 0.478125 0.0296875 0.190625