1 0.2890625 0.390625 0.06640625 0.203125
1 0.3421875 0.3671875 0.06640625 0.203125
1 0.3859375 0.36875 0.0296875 0.20625
1 0.2796875 0.5859375 0.0546875 0.1953125
1 0.6984375 0.384375 0.05625 0.175
1 0.64921875 0.3734375 0.05625 0.190625
1 0.60859375 0.375 0.0296875 0.203125
1 0.6703125 0.58125 0.0546875 0.1953125
1 0.603125 0.58125 0.03515625 0.1953125
1 0.3296875 0.584375 0.05078125 0.190625
1 0.5046875 0.4390625 0.00625 0.003125
1 0.63359375 0.578125 0.0328125 0.203125
1 0.415625 0.3671875 0.03125 0.21875
1 0.57890625 0.371875 0.0296875 0.21875
1 0.38984375 0.58125 0.0328125 0.203125