3 0.3375 0.471875 0.0546875 0.2421875
3 0.4203125 0.46875 0.0390625 0.3046875
3 0.4796875 0.490625 0.040625 0.253125
3 0.52734375 0.4875 0.0546875 0.2734375
3 0.60859375 0.4921875 0.040625 0.25
3 0.6453125 0.4875 0.040625 0.25
3 0.3515625 0.7171875 0.03125 0.153125
3 0.409375 0.728125 0.0375 0.128125
3 0.44453125 0.7359375 0.025 0.175
3 0.5453125 0.7328125 0.03125 0.16875
3 0.58203125 0.725 0.03125 0.153125
1 0.571875 0.54375 0.03515625 0.140625
1 0.684375 0.53125 0.040625 0.125
1 0.3828125 0.540625 0.046875 0.1375
3 0.65703125 0.709375 0.0296875 0.153125
1 0.4515625 0.55 0.0234375 0.1328125