1 0.696875 0.34375 0.05859375 0.1875
1 0.58203125 0.346875 0.0390625 0.1796875
1 0.5515625 0.396875 0.025 0.075
1 0.5265625 0.39375 0.025 0.09375
1 0.5 0.3984375 0.02734375 0.09375
1 0.47734375 0.3984375 0.021875 0.0859375
3 0.37578125 0.3375 0.040625 0.190625
1 0.34765625 0.3875 0.02734375 0.0859375
1 0.26640625 0.371875 0.0875 0.171875
1 0.65 0.346875 0.046875 0.171875
1 0.45 0.353125 0.0328125 0.184375
1 0.3203125 0.3890625 0.02734375 0.075
1 0.4171875 0.346875 0.0328125 0.1796875
1 0.61640625 0.359375 0.0328125 0.15625