1 0.6015625 0.3828125 0.0390625 0.1953125
1 0.565625 0.3890625 0.0375 0.159375
3 0.30859375 0.4140625 0.0859375 0.15625
3 0.315625 0.58125 0.053125 0.1875
1 0.35234375 0.565625 0.0328125 0.203125
1 0.4203125 0.5625 0.04296875 0.203125
1 0.45703125 0.534375 0.03515625 0.171875
1 0.48359375 0.5296875 0.0328125 0.184375
1 0.51953125 0.528125 0.03515625 0.1640625
1 0.54765625 0.525 0.025 0.14375
1 0.57421875 0.525 0.03125 0.128125
1 0.35625 0.3984375 0.05625 0.1484375
1 0.72578125 0.6171875 0.053125 0.1796875
1 0.6765625 0.5921875 0.0453125 0.2
1 0.6375 0.575 0.0328125 0.1875
1 0.61015625 0.5703125 0.0328125 0.1953125