3 0.3 0.45 0.0609375 0.2421875
1 0.24296875 0.6953125 0.053125 0.234375
1 0.65625 0.6859375 0.03125 0.246875
1 0.69921875 0.68125 0.0546875 0.246875
1 0.746875 0.690625 0.0484375 0.2421875
3 0.7359375 0.4375 0.0625 0.234375
3 0.678125 0.4234375 0.046875 0.253125
3 0.28984375 0.690625 0.05625 0.25
3 0.33203125 0.7125 0.0390625 0.253125
3 0.37109375 0.721875 0.0390625 0.2578125
1 0.6359375 0.41875 0.040625 0.2890625
1 0.2421875 0.4453125 0.0703125 0.2421875
1 0.3484375 0.4390625 0.0453125 0.26875
1 0.625 0.6859375 0.03515625 0.253125